63,50
164,119
189,53
150,40
13,141
24,172
119,50
191,99
72,20
68,149
61,93
49,1
20,29
59,115
88,88
143,155
60,10
14,53
180,195
51,75
49,139
177,68
171,199
15,0
46,17
141,186
39,35
94,12
134,68
94,197
68,9
131,38
124,172
6,64
195,89
89,111
49,163
39,66
111,139
112,72
160,185
148,163
82,128
53,104
148,166
7,77
127,33
170,154
183,2
60,64
193,133
112,196
116,167
163,124
10,86
11,48
109,156
49,114
84,52
13,94
21,171
22,2
194,7
185,6
94,107
119,157
47,65
105,146
3,149
29,35
140,120
168,161
110,75
43,45
142,79
159,188
82,35
35,108
173,197
67,44
9,23
0,55
116,115
172,41
54,79
156,0
87,194
46,148
75,28
162,150
183,81
19,100
98,54
29,195
95,98
30,83
175,102
78,191
65,21
112,1
68,36
57,138
97,146
70,23
75,193
79,84
176,195
184,69
111,61
44,103
193,150
146,35
33,56
18,51
46,6
118,75
6,68
35,80
123,130
183,116
127,185
178,55
144,107
191,7
38,30
170,153
34,130
41,149
183,174
28,173
99,62
134,125
84,151
155,60
140,113
178,170
134,36
83,168
1,3
0,146
186,59
125,47
11,52
192,15
168,198
19,148
166,53
79,97
101,70
121,181
29,15
127,57
9,114
1,141
32,169
154,158
121,43
189,139
156,22
2,187
5,50
40,143
10,132
178,30
18,159
109,132
53,196
29,193
32,27
37,87
64,119
45,124
115,182
59,60
4,62
125,159
198,97
155,185
5,161
7,44
2,4
134,119
165,168
181,34
139,175
158,39
167,116
91,130
138,124
191,113
84,150
66,109
42,51
99,143
80,109
101,43
174,155
108,79
125,195
143,116
120,63
69,164
142,24
114,18
20,53
1,124
156,117
128,100
162,96
41,50
131,193
133,59
198,6
120,69
173,198
82,128
34,89
122,62
12,124
162,146
129,66
112,157
67,147
184,156
149,80
108,114
45,148
86,84
33,92
130,104
12,16
63,20
15,39
156,157
178,62
109,172
10,113
92,42
186,120
10,133
12,11
29,152
39,54
105,103
56,29
170,31
74,192
165,106
72,136
84,169
79,55
32,191
183,172
31,172
16,180
21,71
143,170
76,83
152,119
6,130
43,185
111,36
168,64
5,49
29,108
106,26
133,168
166,179
103,50
39,52
110,40
82,91
197,83
32,82
57,183
92,175
113,65
42,46
22,111
79,81
133,27
69,24
17,136
85,73
35,139
52,160
60,194
176,15
31,112
18,7
42,134
196,165
27,187
58,6
4,133
146,26
176,197
117,100
182,119
134,183
99,142
71,90
82,188
81,149
61,55
82,73
34,37
166,20
16,1
72,10
89,170
111,180
136,11
12,172
10,149
144,39
158,150
72,177
135,5
58,172
70,154
143,0
154,58
177,156
9,185
124,99
166,47
134,119
115,67
112,138
53,114
180,47
189,48
174,13
131,12
174,43
43,24
162,21
33,135
110,93
78,197
61,178
66,178
14,156
49,55
121,93
121,70
42,193
56,13
91,150
79,179
99,20
3,186
162,94
72,27
124,167
134,140
180,30
150,37
104,9
36,189
145,197
180,65
73,76
94,46
4,196
67,90
49,87
167,166
73,141
39,46
4,75
162,182
80,198
58,182
59,0
18,79
54,18
134,164
146,48
64,97
148,192
135,135
178,146
111,69
20,144
109,48
182,15
90,115
130,148
181,199
16,192
171,36
128,36
192,45
196,117
109,72
56,168
74,107
123,126
194,88
102,41
187,177
185,93
37,188
98,7
176,55
175,9
24,156
136,147
162,14
24,107
190,26
179,14
132,119
39,100
153,45
52,55
17,185
94,44
68,135
39,8
19,118
7,3
25,71
54,144
60,166
166,186
107,7
91,153
95,161
12,114
108,54
41,26
174,161
116,67
14,190
2,53
189,180
105,198
125,46
129,105
125,69
165,11
115,63
41,136
49,3
115,26
66,162
115,42
67,7
165,77
100,151
195,79
47,162
21,130
181,47
162,144
45,115
14,172
175,18
92,149
194,36
155,19
68,89
67,167
192,101
14,199
46,148
113,7
56,198
186,16
153,180
105,20
158,24
105,15
134,1
85,168
92,76
197,109
57,59
57,42
60,106
138,98
163,148
85,116
121,122
25,23
40,75
61,13
94,13
93,59
113,98
108,143
188,51
137,88
50,105
100,121
128,149
111,110
76,95
63,29
42,84
9,54
3,102
111,67
101,72
83,144
104,55
128,147
101,121
102,100
95,121
76,174
155,161
109,44
9,181
110,12
18,102
83,7
169,132
95,86
76,27
106,30
131,55
98,165
53,95
53,114
199,196
131,32
158,163
134,27
25,23
58,80
90,103
151,121
35,69
148,103
147,180
179,61
33,145
10,123
141,19
197,176
67,51
159,15
184,4
0,138
29,51
13,74
17,103
76,60
145,146
119,188
90,85
22,94
138,95
71,7
4,119
128,0
162,181
40,155
99,172
19,131
92,123
53,40
136,30
139,144
67,73
31,15
184,133
27,183
31,192
34,64
99,74
163,153
14,74
135,100
133,84
176,141
31,165
194,179
167,69
68,6
199,19
69,30
101,44
1,90
48,125
98,142
106,20
49,19
148,82
12,114
142,187
183,185
150,27
22,12
94,58
70,140
120,137
169,195
43,179
176,190
13,52
168,121
128,61
176,54
79,13
159,150
135,128
176,77
48,4
30,42
60,119
130,44
116,98
130,85
192,96
9,154
117,71
180,129
166,37
168,82
109,123
71,174
8,125
146,178
190,48
77,148
153,122
79,132
12,110
177,196
188,4
76,88
25,156
181,143
43,164
115,119
198,37
116,172
184,57
13,129
80,127
97,180
39,141
110,6
176,28
53,41
152,144
97,136
136,141
28,185
16,82
87,150
44,113
32,95
88,61
42,65
165,162
139,161
172,47
119,105
111,95
104,154
76,91
143,136
155,1
1,41
117,64
92,173
61,145
161,87
8,103
121,177
182,7
42,124
192,32
153,29
97,20
135,128
80,45
6,161
186,144
171,142
129,36
67,150
145,44
135,156
39,0
10,107
186,55
55,131
124,184
21,130
64,148
93,44
131,38
120,44
124,34
139,151
173,24
164,135
33,9
76,30
78,161
52,190
122,11
98,183
144,32
171,105
90,72
32,125
69,102
155,191
26,143
184,118
145,139
110,138
37,162
109,109
133,32
40,106
22,106
130,73
99,46
18,168
111,14
16,99
56,61
111,92
27,152
67,51
132,141
66,86
125,15
141,129
51,175
5,56
14,52
8,112
6,164
59,9
97,168
127,22
66,155
46,194
41,83
108,180
127,166
168,11
128,182
194,3
96,69
108,198
136,81
27,59
193,56
69,90
22,61
131,70
171,177
141,49
89,26
74,66
161,14
63,34
14,88
61,106
110,26
101,38
71,121
148,172
67,28
129,149
30,61
108,187
4,13
47,57
134,139
70,46
3,86
120,177
1,150
165,141
59,174
47,86
137,116
11,170
197,23
71,145
34,24
155,197
61,49
34,34
94,104
152,198
13,4
91,74
111,102
83,198
15,26
99,136
199,75
192,198
143,137
62,198
186,118
184,133
54,196
55,45
129,152
199,20
62,82
143,59
160,154
191,196
148,156
105,91
128,164
98,166
8,146
135,165
13,143
194,169
70,166
77,32
97,91
100,175
23,111
156,54
189,1
160,119
152,94
160,111
142,81
33,3
113,155
146,44
68,100
154,75
117,23
117,173
59,114
150,39
104,155
124,122
30,99
119,128
83,62
81,172
190,129
86,102
9,90
14,180
87,107
0,34
197,39
95,98
10,91
110,172
160,166
173,39
194,0
83,125
14,110
131,139
171,52
9,6
177,33
28,54
53,62
83,54
124,111
50,113
12,63
28,142
72,152
191,173
90,153
37,192
177,165
183,42
91,2
82,186
25,135
51,193
95,84
100,71
138,141
167,89
146,199
175,126
63,169
76,76
174,116
93,175
59,147
157,131
94,35
168,140
48,59
148,196
20,37
115,37
80,43
165,114
27,122
48,42
63,113
82,141
85,83
194,156
21,48
156,76
117,7
4,51
63,103
23,129
133,161
111,96
38,39
101,61
24,136
71,44
93,185
41,110
136,164
101,6
55,60
45,143
136,151
133,64
141,138
11,103
2,168
145,97
52,131
135,8
97,129
19,27
12,8
50,73
111,145
174,21
88,96
47,27
87,137
116,161
60,13
49,63
99,194
16,86
129,38
2,188
101,133
61,78
74,69
53,93
137,41
20,25
17,178
52,96
145,87
89,23
121,30
145,79
38,64
197,113
125,88
111,34
197,140
100,31
143,18
105,66
159,124
112,170
25,140
81,46
22,96
147,179
23,6
162,168
38,33
80,33
82,122
190,41
129,86
33,78
140,22
135,96
128,114
113,1
58,189
185,30
176,180
35,180
52,142
77,115
